Lineare Regression: 8.950403946629827
XGBoost: 12.107119147778008
N-Beats: 3.215048489954334